run:
Training network...
1) Network error: 0.17641318735357728
[0.7454236097017342,-0.10595049358277304,-0.656676182141247,0.503357395539747,0.21389918194537394,0.4154094268879973,-0.37703968646031316,-0.42486484668057206,-1.0688879369268474]
2) Network error: 0.17628790937051383
[0.7453189121285402,-0.10604552397557672,-0.656873864283869,0.5032531588945679,0.2137820713604062,0.4151976903722803,-0.376374235197844,-0.4237801264616398,-1.0673065236748034]
3) Network error: 0.1761626195871837
[0.7452144142870762,-0.10614034382642906,-0.6570711467452086,0.5031491906431015,0.21366527020692208,0.4149865223818791,-0.37570902270445616,-0.4226957392661412,-1.0657254468993942]
4) Network error: 0.17603731918969703
[0.7451101164888331,-0.10623495293479349,-0.6572680290408209,0.5030454911313573,0.21354877880719567,0.4147759235065928,-0.3750440513637248,-0.4216116891020577,-1.064144712929849]
5) Network error: 0.1759120093672155
[0.7450060190435066,-0.10632935110219988,-0.6574645106899177,0.5029420607022403,0.21343259747982035,0.4145658943294772,-0.3743793235640913,-0.42052797998572616,-1.0625643281097035]
6) Network error: 0.1757866913119091
[0.7449021222589808,-0.10642353813225822,-0.6576605912153972,0.5028388996955284,0.21331672653968756,0.41435643542680367,-0.37371484169880337,-0.41944461594174165,-1.0609842987966498]
7) Network error: 0.17566136621891235
[0.7447984264413099,-0.10651751383067215,-0.6578562701438728,0.5027360084478496,0.21320116629796554,0.41414754736801823,-0.3730506081658558,-0.41836160100286035,-1.0594046313623828]
8) Network error: 0.1755360352862799
[0.7446949318947024,-0.10661127800525255,-0.6580515470057017,0.5026333872926605,0.2130859170620784,0.4139392307157006,-0.3723866253679303,-0.41727893920990106,-1.0578253321924465]
9) Network error: 0.17541069971494233
[0.744591638921503,-0.10670483046593093,-0.6582464213350138,0.5025310365602234,0.21297097913568525,0.4137314860255244,-0.3717228957123349,-0.4161966346116461,-1.0562464076860785]
10) Network error: 0.17528536070866088
[0.7444885478221763,-0.10679817102477289,-0.6584408926697404,0.5024289565775841,0.21285635281865928,0.41352431384621624,-0.3710594216109426,-0.41511469126474115,-1.0546678642560539]
10) Network error: 0.17528536070866088
[0.7444885478221763,-0.10679817102477289,-0.6584408926697404,0.5024289565775841,0.21285635281865928,0.41352431384621624,-0.3710594216109426,-0.41511469126474115,-1.0546678642560539]
BUILD SUCCESSFUL (total time: 1 second)
